8 010-2525-2525 2025 7 31 2025 8 10 0
13 010-1234-1234 2025 7 28 2025 8 7 0
30 010-1234-1234 2025 7 29 2025 8 8 0
3 010-2525-2525 2025 7 20 2025 7 30 0
5 010-2525-2525 2025 7 29 2025 8 8 0
31 010-1234-1234 2025 8 4 2025 8 14 1
9 010-2525-2525 2025 8 4 2025 8 14 1
33 010-2525-2525 2025 8 5 2025 8 15 1
33 010-4321-4321 2025 7 10 2025 7 20 0
2 010-4321-4321 2025 8 1 2025 8 10 0
15 010-2525-2525 2025 7 1 2025 7 11 0
19 010-1234-1234 2025 7 21 2025 8 1 0
10 010-1234-1234 2025 8 8 2025 8 18 0
25 010-1234-1234 2025 8 8 2025 8 18 1
1 010-1234-1234 2025 8 12 2025 8 22 1